Sorting by price and quantity (if price the same) in descending order with lambda expressions
========================================================
PAVADINIMAS     KAINA      KIEKIS     PVM           SUMA
--------------------------------------------------------
Spinta          280,19     2          21          678,06
Patalynė        87,44      23         14         2292,68
Lova            83,99      14         16         1364,00
Komoda          27,15      12         11          361,64
Lentyna         12,62      40         18          595,66
Kilimas         11,27      88         20         1190,11
Stalas          10,99      55         21          731,38
Pagalvė         8,99       47         17          494,36
Kėdė            3,99       200        15          917,70
Antklodė        3,99       148        13          667,29
--------------------------------------------------------
Suma                       629                   9292,88
========================================================

Without sorting method
========================================================
PAVADINIMAS     KAINA      KIEKIS     PVM           SUMA
--------------------------------------------------------
Stalas          10,99      55         21          731,38
Kėdė            3,99       200        15          917,70
Lova            83,99      14         16         1364,00
Spinta          280,19     2          21          678,06
Lentyna         12,62      40         18          595,66
Komoda          27,15      12         11          361,64
Pagalvė         8,99       47         17          494,36
Antklodė        3,99       148        13          667,29
Patalynė        87,44      23         14         2292,68
Kilimas         11,27      88         20         1190,11
--------------------------------------------------------
Suma                       629                   9292,88
========================================================

